#            S                  N
1.000000000000000078e-15 1.888498707984149483e-01
1.778279410038922677e-15 1.191063046520696167e-01
3.162277660168379412e-15 7.310920740809924434e-02
5.623413251903491198e-15 4.394031647289852599e-02
9.999999999999999988e-15 2.393344897247239034e-02
1.778279410038922677e-14 1.196672448623619517e-02
3.162277660168379569e-14 6.357322383312978033e-03
5.623413251903490567e-14 2.991681121559048792e-03
1.000000000000000030e-13 1.495840560779524396e-03
1.778279410038922740e-13 3.739601401948810990e-04
3.162277660168379191e-13 1.869800700974405495e-04
5.623413251903490441e-13 1.869800700974405495e-04
9.999999999999999799e-13 0.000000000000000000e+00
1.778279410038922841e-12 0.000000000000000000e+00
3.162277660168379393e-12 0.000000000000000000e+00
5.623413251903490441e-12 0.000000000000000000e+00
9.999999999999999395e-12 0.000000000000000000e+00
1.778279410038922679e-11 0.000000000000000000e+00
3.162277660168379393e-11 0.000000000000000000e+00
5.623413251903490602e-11 0.000000000000000000e+00
1.000000000000000036e-10 0.000000000000000000e+00
