#            S                  N
1.000000000000000078e-15 3.738629917111969680e-01
1.778279410038922677e-15 3.738629917111969680e-01
3.162277660168379412e-15 3.738629917111969680e-01
5.623413251903491198e-15 3.727025271740695977e-01
9.999999999999999988e-15 3.609044710466081107e-01
1.778279410038922677e-14 3.359544834983699269e-01
3.162277660168379569e-14 2.883754374761482997e-01
5.623413251903490567e-14 2.313192644007198984e-01
1.000000000000000030e-13 1.707816977139094139e-01
1.778279410038922740e-13 1.086968449775957968e-01
3.162277660168379191e-13 6.982128298382933584e-02
5.623413251903490441e-13 3.887556199376646787e-02
9.999999999999999799e-13 1.992130788735296809e-02
1.778279410038922841e-12 1.063759159033410805e-02
3.162277660168379393e-12 5.028679660885214918e-03
5.623413251903490441e-12 2.127518318066821696e-03
9.999999999999999395e-12 9.670537809394644073e-04
1.778279410038922679e-11 7.736430247515715258e-04
3.162277660168379393e-11 3.868215123757857629e-04
5.623413251903490602e-11 0.000000000000000000e+00
1.000000000000000036e-10 0.000000000000000000e+00
