#            S                  N
1.000000000000000078e-15 2.274024959824236358e+00
1.333521432163323988e-15 1.965545588155924284e+00
1.778279410038922677e-15 1.713836947897624308e+00
2.371373705661655348e-15 1.480362615410090177e+00
3.162277660168379412e-15 1.279785229931668988e+00
4.216965034285822603e-15 1.104961454397525022e+00
5.623413251903491198e-15 9.478080389711333043e-01
7.498942093324558782e-15 8.216717450104766840e-01
9.999999999999999988e-15 6.977912417018735658e-01
1.333521432163324028e-14 5.962806623594674171e-01
1.778279410038922677e-14 5.180799197549471602e-01
2.371373705661655348e-14 4.490903223129784627e-01
3.162277660168379569e-14 3.831084457404144716e-01
4.216965034285822761e-14 3.201342900372550759e-01
5.623413251903490567e-14 2.718227735724432215e-01
7.498942093324558150e-14 2.240752047706447703e-01
1.000000000000000030e-13 1.836589555880200897e-01
1.333521432163323996e-13 1.473783226008267555e-01
1.778279410038922740e-13 1.142933930373758455e-01
2.371373705661655411e-13 9.023162608213883273e-02
3.162277660168379191e-13 7.143337064835990347e-02
4.216965034285822634e-13 5.564283608398561121e-02
5.623413251903490441e-13 3.947633641093573759e-02
7.498942093324557898e-13 2.876133081368175207e-02
9.999999999999999799e-13 2.124202864017018383e-02
1.333521432163324097e-12 1.409869157533419175e-02
1.778279410038922841e-12 1.052702304291619657e-02
2.371373705661655411e-12 8.083249836524936810e-03
3.162277660168379393e-12 5.639476630133677046e-03
4.216965034285822433e-12 3.947633641093573932e-03
5.623413251903490441e-12 2.255790652053470818e-03
7.498942093324558706e-12 1.503860434702313734e-03
9.999999999999999395e-12 9.399127716889461382e-04
1.333521432163324097e-11 7.519302173511568672e-04
1.778279410038922679e-11 5.639476630133677046e-04
2.371373705661655168e-11 5.639476630133677046e-04
3.162277660168379393e-11 3.759651086755784336e-04
4.216965034285822756e-11 1.879825543377892168e-04
5.623413251903490602e-11 0.000000000000000000e+00
7.498942093324558060e-11 0.000000000000000000e+00
1.000000000000000036e-10 0.000000000000000000e+00
