#      m_500               mass function m_500
1.000000000000000000e+12 0.000000000000000000e+00
1.412537544622755371e+12 3.711106301025060229e-07
1.995262314968882812e+12 2.998499854194811823e-07
2.818382931264449219e+12 2.443222103417994760e-07
3.981071705534969238e+12 2.063782307053836381e-07
5.623413251903491211e+12 1.776888802485814443e-07
7.943282347242821289e+12 1.499249927097405912e-07
1.122018454301965234e+13 1.230865680888611051e-07
1.584893192461110938e+13 1.036518468116725026e-07
2.238721138568337891e+13 8.699351428836800127e-08
3.162277660168379297e+13 7.218610760098620762e-08
4.466835921509635156e+13 5.460231215972033925e-08
6.309573444801942969e+13 3.146573921068629495e-08
8.912509381337440625e+13 1.758379544126587168e-08
1.258925411794166250e+14 1.110555501553634027e-08
1.778279410038922812e+14 8.329166261652255617e-09
2.511886431509582188e+14 4.627314589806808033e-09
3.548133892335760625e+14 2.776388753884085068e-09
5.011872336272714375e+14 9.254629179613616892e-10
7.079457843841373750e+14 0.000000000000000000e+00
1.000000000000000000e+15 0.000000000000000000e+00
