#      m_500               mass function m_500
1.000000000000000000e+12 0.000000000000000000e+00
1.412537544622755371e+12 6.030228680123808420e-06
1.995262314968882812e+12 4.546218117320006672e-06
2.818382931264449219e+12 3.426318505297013183e-06
3.981071705534969238e+12 2.557965575359184815e-06
5.623413251903491211e+12 1.929673177639618643e-06
7.943282347242821289e+12 1.428877043442670047e-06
1.122018454301965234e+13 1.090035622369046524e-06
1.584893192461110938e+13 8.637584699910674109e-07
2.238721138568337891e+13 6.650480772936542545e-07
3.162277660168379297e+13 5.111336690771609096e-07
4.466835921509635156e+13 3.652595657674992402e-07
6.309573444801942969e+13 2.124937725376961082e-07
8.912509381337440625e+13 1.194559586157859259e-07
1.258925411794166250e+14 5.743074933451245774e-08
1.778279410038922812e+14 2.871537466725622887e-08
2.511886431509582188e+14 1.263476485359274050e-08
3.548133892335760625e+14 5.743074933451245608e-09
5.011872336272714375e+14 2.297229973380498574e-09
7.079457843841373750e+14 0.000000000000000000e+00
1.000000000000000000e+15 0.000000000000000000e+00
