#      m_500               mass function m_500
1.000000000000000000e+12 0.000000000000000000e+00
1.412537544622755371e+12 1.441966197089078229e-05
1.995262314968882812e+12 1.055415933085430743e-05
2.818382931264449219e+12 7.794822540639590683e-06
3.981071705534969238e+12 5.628074598543673101e-06
5.623413251903491211e+12 4.047837670226874472e-06
7.943282347242821289e+12 2.883932394178156459e-06
1.122018454301965234e+13 2.026957752283277343e-06
1.584893192461110938e+13 1.440446738504158176e-06
2.238721138568337891e+13 1.060582092274158628e-06
3.162277660168379297e+13 7.445347066107990930e-07
4.466835921509635156e+13 4.892656643442393586e-07
6.309573444801942969e+13 2.978138826443196372e-07
8.912509381337440625e+13 1.519458584919998192e-07
1.258925411794166250e+14 9.420643226503988686e-08
1.778279410038922812e+14 5.166159188727993774e-08
2.511886431509582188e+14 1.823350301903997725e-08
3.548133892335760625e+14 9.116751509519988624e-09
5.011872336272714375e+14 6.077834339679992140e-09
7.079457843841373750e+14 3.038917169839996070e-09
1.000000000000000000e+15 0.000000000000000000e+00
