#      m_500               mass function m_500
1.000000000000000000e+12 0.000000000000000000e+00
1.412537544622755371e+12 1.951092294399581486e-06
1.995262314968882812e+12 1.488350571317295117e-06
2.818382931264449219e+12 1.138362679395410029e-06
3.981071705534969238e+12 9.011286186339260083e-07
5.623413251903491211e+12 6.873473547538054381e-07
7.943282347242821289e+12 5.385122976220758628e-07
1.122018454301965234e+13 4.284645584095243664e-07
1.584893192461110938e+13 3.310452482869377681e-07
2.238721138568337891e+13 2.597848269935642446e-07
3.162277660168379297e+13 2.029568960887220711e-07
4.466835921509635156e+13 1.335005360939149730e-07
6.309573444801942969e+13 7.937869713692241103e-08
8.912509381337440625e+13 4.059137921774441157e-08
1.258925411794166250e+14 2.345279688136344022e-08
1.778279410038922812e+14 1.353045973924813719e-08
2.511886431509582188e+14 6.314214544982464739e-09
3.548133892335760625e+14 9.020306492832091598e-10
5.011872336272714375e+14 0.000000000000000000e+00
7.079457843841373750e+14 0.000000000000000000e+00
1.000000000000000000e+15 0.000000000000000000e+00
