#      m_500               mass function m_500
1.000000000000000000e+11 0.000000000000000000e+00
1.584893192461110840e+11 2.766344955342262517e-06
2.511886431509582214e+11 2.624263118563490630e-06
3.981071705534969482e+11 2.278655169263903063e-06
6.309573444801943359e+11 1.759663582335823463e-06
1.000000000000000000e+12 1.267980562404207699e-06
1.584893192461110840e+12 8.845012984963165295e-07
2.511886431509582031e+12 5.960867630949835713e-07
3.981071705534969238e+12 4.082759579966613691e-07
6.309573444801942383e+12 2.732788909575381025e-07
1.000000000000000000e+13 1.822718033018696311e-07
1.584893192461110938e+13 1.244987264249166131e-07
2.511886431509582031e+13 8.688503980714563239e-08
3.981071705534969531e+13 5.906121682961641259e-08
6.309573444801942969e+13 3.220349881658474042e-08
1.000000000000000000e+14 1.442716746982996478e-08
1.584893192461110938e+14 6.827141749115964990e-09
2.511886431509582188e+14 2.640686902959948933e-09
3.981071705534969375e+14 8.372909692312032320e-10
6.309573444801942500e+14 3.220349881658474208e-10
1.000000000000000000e+15 6.440699763316947640e-11
